cd ARow reduction for question 1

A =

    1.0000    1.0000    1.0000    1.0000
   -0.8000    0.1000    0.7000         0
    0.6000   -0.6000    0.2000         0
    0.2000    0.5000   -0.9000         0


ans =

    1.0000         0         0    0.3056
         0    1.0000         0    0.4028
         0         0    1.0000    0.2917
         0         0         0         0

3.a) computing squares

P2 =

         0    0.5000
    1.0000    0.5000


P2square =

    0.5000    0.2500
    0.5000    0.7500


P3 =

         0         0    0.3333
         0    0.5000    0.3333
    1.0000    0.5000    0.3333


P3square =

    0.3333    0.1667    0.1111
    0.3333    0.4167    0.2778
    0.3333    0.4167    0.6111


P4 =

         0         0         0    0.2500
         0         0    0.3333    0.2500
         0    0.5000    0.3333    0.2500
    1.0000    0.5000    0.3333    0.2500


P4square =

    0.2500    0.1250    0.0833    0.0625
    0.2500    0.2917    0.1944    0.1458
    0.2500    0.2917    0.3611    0.2708
    0.2500    0.2917    0.3611    0.5208


P5 =

         0         0         0         0    0.2000
         0         0         0    0.2500    0.2000
         0         0    0.3333    0.2500    0.2000
         0    0.5000    0.3333    0.2500    0.2000
    1.0000    0.5000    0.3333    0.2500    0.2000


P5square =

    0.2000    0.1000    0.0667    0.0500    0.0400
    0.2000    0.2250    0.1500    0.1125    0.0900
    0.2000    0.2250    0.2611    0.1958    0.1567
    0.2000    0.2250    0.2611    0.3208    0.2567
    0.2000    0.2250    0.2611    0.3208    0.4567

3.b)

P2hundredsquare =

    0.3333    0.3333
    0.6667    0.6667


P3hundredsquare =

    0.1667    0.1667    0.1667
    0.3333    0.3333    0.3333
    0.5000    0.5000    0.5000


P4hundredsquare =

    0.1000    0.1000    0.1000    0.1000
    0.2000    0.2000    0.2000    0.2000
    0.3000    0.3000    0.3000    0.3000
    0.4000    0.4000    0.4000    0.4000


P5hundredsquare =

    0.0667    0.0667    0.0667    0.0667    0.0667
    0.1333    0.1333    0.1333    0.1333    0.1333
    0.2000    0.2000    0.2000    0.2000    0.2000
    0.2667    0.2667    0.2667    0.2667    0.2667
    0.3333    0.3333    0.3333    0.3333    0.3333

Therefore at the 14th power of Pk all the columns in the Pk matrix are the same, making the limiting value 14 of (P^n)k as n->infinity for all k=2, 3, 4...
This happens when you go to 4 decimal places (which matlab is in ).
3.c)

P2squarebyvalue =

    0.3334    0.3333
    0.6666    0.6667


P3squarebyvalue =

    0.1667    0.1667    0.1667
    0.3333    0.3333    0.3333
    0.5000    0.5000    0.5000


P4squarebyvalue =

    0.1000    0.1000    0.1000    0.1000
    0.2000    0.2000    0.2000    0.2000
    0.3000    0.3000    0.3000    0.3000
    0.4000    0.4000    0.4000    0.4000


P5squarebyvalue =

    0.0667    0.0667    0.0667    0.0667    0.0667
    0.1334    0.1333    0.1333    0.1333    0.1333
    0.2000    0.2000    0.2000    0.2000    0.2000
    0.2667    0.2667    0.2667    0.2667    0.2667
    0.3333    0.3333    0.3333    0.3333    0.3334


P2verify =

    0.3333    0.3333
    0.6667    0.6667


P3verify =

    0.1667    0.1667    0.1667
    0.3333    0.3333    0.3333
    0.5000    0.5000    0.5000


P4verify =

    0.1000    0.1000    0.1000    0.1000
    0.2000    0.2000    0.2000    0.2000
    0.3000    0.3000    0.3000    0.3000
    0.4000    0.4000    0.4000    0.4000


P5verify =

    0.0667    0.0667    0.0667    0.0667    0.0667
    0.1333    0.1333    0.1333    0.1333    0.1333
    0.2000    0.2000    0.2000    0.2000    0.2000
    0.2667    0.2667    0.2667    0.2667    0.2667
    0.3334    0.3333    0.3333    0.3333    0.3333

Therefore by multiplying the square matrix by the original P matrix you can see you get the qk value which is the common column
